118	88	6
10	10
-10	10
-10	-10
10	-10
-10	-5
10	5
7.5000000000006	10
5.0000000000049	10
2.5000000000088	10
1.2294165685489e-11	10
-2.4999999999914	10
-4.9999999999939	10
-7.4999999999971	10
-10	8.1249999999956
-10	6.2499999999949
-10	4.3750000000027
-10	2.5000000000101
-10	0.62500000000603
-10	-1.2499999999949
-10	-3.1249999999994
-10	-6.2500000000002
-10	-7.5
-10	-8.7500000000015
-7.5000000000006	-10
-5.0000000000049	-10
-2.5000000000088	-10
-1.2294165685489e-11	-10
2.4999999999914	-10
4.9999999999939	-10
7.4999999999971	-10
10	-8.1249999999956
10	-6.2499999999949
10	-4.3750000000027
10	-2.5000000000101
10	-0.62500000000603
10	1.2499999999949
10	3.1249999999994
10	6.2500000000002
10	7.5
10	8.7500000000015
-7.500000000002	-3.750000000001
-5.0000000000049	-2.5000000000025
-2.5000000000084	-1.2500000000042
-1.2313705610723e-11	-6.1568528053613e-12
2.49999999999	1.249999999995
4.9999999999938	2.4999999999969
7.4999999999962	3.7499999999981
5.7287465688132	-2.124448004697
6.8270699161068	0.59629921496905
-6.8260968773582	-0.59793471951222
5.1073841258501	-5.9459125990124
0.050879746786027	-5.793407946902
-5.0040782041433	-6.3865587745
-5.1064642596289	5.9443361287292
-0.050254431898279	5.7923856217364
5.0042257390345	6.386334416189
-5.7388408643784	2.0291847067748
-5.0020391020741	-8.19327938725
0.025439873386867	-7.896703973451
-2.4765992286786	-6.089983360701
-2.4882996143437	-8.0449916803505
5.053692062922	-7.9729562995062
2.5791319363181	-5.8696602729572
2.5395659681547	-7.9348301364786
5.0021128695197	8.1931672080945
-0.025127215942992	7.8961928108682
2.4769856535681	6.0893600189627
2.4884928267884	8.0446800094814
-5.0532321298114	7.9721680643646
-2.5783593457636	5.8683608752328
-2.5391796728775	7.9341804376164
-7.5020391020716	-6.94327938725
-7.5010195510361	-8.4716396936257
7.5536920629251	-6.0979562995037
7.5268460314611	-8.0489781497509
-7.5532321298144	6.097168064362
-7.5266160649058	8.0485840321801
7.8643732844066	-2.3122240023535
5.4180653473317	-4.0351803018547
7.7090326736658	-4.2050901509287
5.9135349580503	1.548149607483
2.8643732844004	-1.0622240023516
6.27790824246	-0.76407439486397
4.388954121225	0.24296280256551
-7.8694204321892	2.2645923533924
-5.4226525620036	3.986760417752
-7.7113262810018	4.1808802088773
-0.025127215955296	2.8961928108651
5.0021128695142	4.443167208093
2.488492826779	3.6696800094789
0.025439873386857	-2.8967039734541
-5.0020391020741	-4.4432793872512
-2.4882996143435	-3.6699916803526
7.5021128695173	6.9431672080945
7.5010564347567	5.3465836040464
-7.5010195510368	-5.3466396936256
7.5010564347589	8.471583604048
8.4135349580534	0.92314960748196
7.9567674790248	2.336574803741
8.13895412123	-0.694537197435
-5.9130484386816	-1.5489673597573
-8.4130484386791	-0.92396735975355
-7.9565242193405	-2.3369836798783
-2.8694204321954	1.0145923533843
-6.2824688708683	0.71562499363127
-4.3912344354383	-0.26718750318646
-8.1412344354341	0.67031249681865
2.7217526103593	-3.4659421376544
-2.7238898889795	3.4414766143086
-10	-5
-7.500000000002	-3.750000000001
-5.0000000000049	-2.5000000000025
-2.5000000000084	-1.2500000000042
-1.2313705610723e-11	-6.1568528053613e-12
2.49999999999	1.249999999995
4.9999999999938	2.4999999999969
7.4999999999962	3.7499999999981
10	5
4	53	58	61	60
4	58	25	26	61
4	61	26	27	59
4	60	61	59	52
4	52	59	64	63
4	59	27	28	64
4	64	28	29	62
4	63	64	62	51
4	56	65	68	67
4	65	8	9	68
4	68	9	10	66
4	67	68	66	55
4	55	66	71	70
4	66	10	11	71
4	71	11	12	69
4	70	71	69	54
4	25	58	73	24
4	58	53	72	73
4	73	72	22	23
4	24	73	23	3
4	32	74	75	31
4	74	51	62	75
4	75	62	29	30
4	31	75	30	4
4	15	76	77	14
4	76	54	69	77
4	77	69	12	13
4	14	77	13	2
4	51	74	80	79
4	74	32	33	80
4	80	33	34	78
4	79	80	78	48
4	49	81	84	83
4	81	46	45	84
4	84	45	44	82
4	83	84	82	48
4	54	76	87	86
4	76	15	16	87
4	87	16	17	85
4	86	87	85	57
4	56	67	90	89
4	67	55	88	90
4	90	88	114	115
4	89	90	115	116
4	53	60	93	92
4	60	52	91	93
4	93	91	44	43
4	92	93	43	42
4	116	117	95	89
4	117	118	38	95
4	95	38	39	94
4	89	95	94	56
4	42	41	96	92
4	41	5	21	96
4	96	21	22	72
4	92	96	72	53
4	8	65	97	7
4	65	56	94	97
4	97	94	39	40
4	7	97	40	1
4	6	47	99	37
4	47	46	81	99
4	99	81	49	98
4	37	99	98	36
4	48	78	100	83
4	78	34	35	100
4	100	35	36	98
4	83	100	98	49
4	110	111	103	20
4	111	112	101	103
4	103	101	50	102
4	20	103	102	19
4	50	101	106	105
4	101	112	113	106
4	106	113	114	104
4	105	106	104	57
4	57	85	107	105
4	85	17	18	107
4	107	18	19	102
4	105	107	102	50
4	44	91	108	82
4	91	52	63	108
4	108	63	51	79
4	82	108	79	48
4	54	86	109	70
4	86	57	104	109
4	109	104	114	88
4	70	109	88	55
1	7	8	9	10	11	12	13	2
2	14	15	16	17	18	19	20	110
5	21	22	23	3
3	24	25	26	27	28	29	30	4
4	31	32	33	34	35	36	37	6
118	38	39	40	1